ax_mean,ax_std,ax_rms,ax_max,ax_mean_dup,ax_min,ax_kurtosis,ax_skew,ax_energy,ay_mean,ay_std,ay_rms,ay_max,ay_mean_dup,ay_min,ay_kurtosis,ay_skew,ay_energy,az_mean,az_std,az_rms,az_max,az_mean_dup,az_min,az_kurtosis,az_skew,az_energy,gx_mean,gx_std,gx_rms,gx_max,gx_mean_dup,gx_min,gx_kurtosis,gx_skew,gx_energy,gy_mean,gy_std,gy_rms,gy_max,gy_mean_dup,gy_min,gy_kurtosis,gy_skew,gy_energy,gz_mean,gz_std,gz_rms,gz_max,gz_mean_dup,gz_min,gz_kurtosis,gz_skew,gz_energy,acc_max,acc_mean,acc_min,gyro_max,gyro_mean,gyro_min,a_top1,a_top2,a_top3,a_top4,a_top5,a_max_freq,a_energy,a_entropy,g_top1,g_top2,g_top3,g_top4,g_top5,g_max_freq,g_energy,g_entropy
-3478.78125,2989.2691770004762,4586.6817197094315,1325.0,-3478.78125,-12476.0,0.4878074170886473,-0.7011246627867247,2019614323.0,-900.1145833333334,2661.104829568725,2809.214334486305,5473.0,-900.1145833333334,-6810.0,0.15547390008962392,-0.15077334018934796,757601777.0,1253.3333333333333,1364.2675741543112,1852.584804626588,4236.0,1253.3333333333333,-4610.0,5.297880421980636,-1.4321673693491503,329478764.0,8109.166666666667,14226.94470133072,16375.73019936821,29306.0,8109.166666666667,-32768.0,1.2136871934516646,-1.2368799560051817,25743795798.0,-1082.2291666666667,14781.773946654126,14821.338029313232,32767.0,-1082.2291666666667,-24912.0,0.024476078265180945,0.9118906257558101,21088517854.0,-13693.229166666666,23727.48882778122,27395.223143521453,32767.0,-13693.229166666666,-32768.0,-0.3513126164813669,1.0560309031832178,72047832104.0,12852.05703379813,5045.199496420569,943.6275748408373,56754.686167751825,33901.33962184084,16956.4906156905,125412.30219072165,125376.67726263664,125269.83959539929,125091.90049458742,124843.04531797532,0.0,549413332045.05365,3.9684298568840735,734035.2196091065,733824.0861237516,733190.9053398112,732136.3360027538,730661.4751190289,0.0,18673009093415.77,3.958725619961438
-4360.7525773195875,5153.1947393103865,6750.672489600994,2920.0,-4360.7525773195875,-18443.0,0.9403243748835561,-1.3246990448998142,4420443169.0,-1595.4123711340205,4981.73937196199,5230.971975084909,4541.0,-1595.4123711340205,-14373.0,0.6713027876681301,-1.3412635597520215,2654217577.0,837.2783505154639,1841.4249230591126,2022.8397819662225,4677.0,837.2783505154639,-5059.0,1.4670062001780648,-0.8398059950287429,396912436.0,1586.1546391752577,13848.218643372273,13938.760566636498,31520.0,1586.1546391752577,-32768.0,0.2506559391742269,-0.5157804047919852,18846037475.0,-741.9381443298969,14779.303337106066,14797.914695665946,32767.0,-741.9381443298969,-24177.0,-0.06417684817400193,0.7743241698223723,21240893096.0,-4236.8247422680415,25794.566839817657,26140.205858992686,32767.0,-4236.8247422680415,-32768.0,-1.4603340092522528,0.31082840550080826,66281105148.0,21527.522918348037,6624.902872114875,595.9244918611753,56754.686167751825,31206.65751482952,8138.11857863966,23865.633990979637,23848.654237458624,23834.8764274918,23784.77814160078,23755.59387915431,32.0,19951942922.599102,3.9497275629495845,153193.24204380758,153157.74014014626,152952.79621060958,152841.25924903824,152441.72545596556,33.0,862803057175.6368,3.9895229099685823
-2776.896907216495,2489.4468042988456,3729.4103856698675,771.0,-2776.896907216495,-7690.0,-0.9185589448162799,-0.5028774107774734,1349124677.0,199.18556701030928,2271.4477981202876,2280.164465491628,4463.0,199.18556701030928,-4056.0,-0.7778051254652434,0.003603016457262428,504317549.0,1074.8350515463917,1492.1897123825981,1838.9944333176204,3840.0,1074.8350515463917,-2712.0,0.35154630998516945,-0.6544512337348432,328044351.0,4019.7525773195875,9767.753889296904,10562.54831111992,23328.0,4019.7525773195875,-19558.0,-0.35122379658472624,-0.4711225635479962,10822040402.0,2336.7113402061855,15464.576716142574,15640.119977062426,32767.0,2336.7113402061855,-23224.0,-0.5161597354214367,0.5417894306603805,23727495231.0,-4182.958762886598,24128.307426258303,24488.208657801846,32767.0,-4182.958762886598,-32768.0,-1.2492626351734992,0.45189420047741075,58168219237.0,8229.010511598584,4203.76632662422,545.1907922920195,50297.79261558106,28906.391279133004,8644.606700133905,21103.50825121481,21088.92219696217,21088.75550737763,21045.303736536156,21044.4023415273,35.0,18902047283.631756,4.129216400091406,101211.35929849053,101177.98627445297,101075.96571731153,100974.26842166233,100773.64045050232,35.0,393927459824.4388,4.036939423118508
-3993.1666666666665,4258.431383411294,5837.775079171859,1987.0,-3993.1666666666665,-16356.0,1.2342927921119236,-1.330533471284843,3271643316.0,-1373.5729166666667,4524.973192242855,4728.856621628178,4694.0,-1373.5729166666667,-11617.0,0.20598490031967165,-1.212210736364191,2146760155.0,824.9166666666666,1632.6782551140388,1829.2418625394146,3449.0,824.9166666666666,-4174.0,1.2716019582481835,-1.0218510112633898,321228076.0,1995.3229166666667,14967.477810583458,15099.890911926594,29643.0,1995.3229166666667,-32768.0,-0.4570335680070885,-0.27325361755962907,21888643733.0,-547.3645833333334,13445.122577629989,13456.25984865718,32767.0,-547.3645833333334,-26920.0,0.5119790178538848,0.7699522355216869,17382809195.0,-3134.9583333333335,25827.44387795852,26017.010224482623,32767.0,-3134.9583333333335,-32768.0,-1.5598734549003899,0.2414551865198798,64980942818.0,18571.982258229735,6128.218416683044,1039.8451807841395,56754.686167751825,31234.50569296601,4224.783189703348,8866.100524407713,8856.75187444992,8853.332349313385,8825.393917306988,8818.37956548758,36.0,2569540994.0143876,3.9459385183986564,70661.0477561922,70618.3767298592,70577.31026799839,70450.12411803438,70366.54301925229,36.0,185269659970.67148,4.0016035354219195
-2649.6907216494847,1576.694999307649,3083.3144570797695,155.0,-2649.6907216494847,-5179.0,-1.1538118109447408,0.1232780541857188,922162320.0,626.1855670103092,1714.2296296870043,1825.0182430948098,3832.0,626.1855670103092,-2273.0,-1.0743112175541338,0.29312154906708854,323077084.0,964.7938144329897,1114.4361982463324,1474.0404147545946,3165.0,964.7938144329897,-1131.0,-0.8176929458109621,-0.10135689264889307,210761129.0,5914.082474226804,10160.49299951523,11756.359534530859,21965.0,5914.082474226804,-15741.0,-0.7105428297787131,-0.5254612223806558,13406562982.0,7555.319587628866,13993.556891851786,15902.908179219958,32767.0,7555.319587628866,-10283.0,-1.290938926332903,0.36383784351146653,24531541390.0,-4378.773195876289,23914.01769247448,24311.600048061566,32767.0,-4378.773195876289,-32768.0,-1.1923366115144833,0.4858325014237077,57332227999.0,6342.488628290948,3663.1792816077977,1485.701854343596,50306.351268999824,29820.06205150389,10050.13323294771,15386.000087472343,15382.260738476376,15370.158418252753,15358.970763183772,15334.736486110342,37.0,10473175981.182228,4.160102625270115,65736.19876330085,65700.6900091087,65669.12292147522,65563.16277568517,65499.065633628146,38.0,172442320369.47995,4.070543016952596
-4446.546391752578,4767.486586340919,6519.256335269266,1925.0,-4446.546391752578,-17202.0,0.8222544697281569,-1.3028090768432707,4122568207.0,-1871.4742268041236,3858.811050513169,4288.6872706172735,4063.0,-1871.4742268041236,-12255.0,0.8936411710311072,-1.3709848240969225,1784105335.0,836.4432989690722,1937.7070888678998,2110.532197015524,4055.0,836.4432989690722,-5578.0,2.9612551331564916,-1.625076955884556,432071577.0,4090.422680412371,15217.825896872615,15757.975210411989,23108.0,4090.422680412371,-32768.0,0.14908264472348653,-1.0020086742021934,24086436925.0,-569.5773195876288,13518.145166363136,13530.139210734518,32767.0,-569.5773195876288,-21433.0,-0.15169552169295653,0.765468935502885,17757272705.0,-5515.835051546392,26827.730948189826,27388.89527060794,32767.0,-5515.835051546392,-32768.0,-1.5349316993829842,0.40044950516237177,72764703662.0,19189.726131448566,6242.445557954636,1014.5649313868482,56754.686167751825,32646.730337383437,5674.066443037127,11585.497329436774,11583.06510324363,11572.545770502807,11565.417267416593,11544.067588531172,47.0,5625644699.40229,4.083272541035943,49481.455025023075,49452.83073217786,49426.681037407056,49340.3468553686,49289.11975623169,41.0,94595938716.32661,4.050858355667009
-2514.1875,1685.5450670857435,3026.912776796407,756.0,-2514.1875,-5583.0,-1.108211988968211,-0.24263580771750104,879571292.0,867.5,2333.1674241611267,2489.2220630483466,7164.0,867.5,-3424.0,0.19255135649960708,0.5604937881677222,594837742.0,649.5729166666666,1636.2346367039866,1760.4569748836996,3205.0,649.5729166666666,-4488.0,2.4655118382844483,-1.4158769846847,297524041.0,4010.875,15016.897383482437,15543.304838150305,24669.0,4010.875,-32768.0,0.23044063720124752,-0.9681096732455098,23193055228.0,3072.1354166666665,18081.9071920086,18341.030061551886,32767.0,3072.1354166666665,-26530.0,-1.0022447999018065,0.39912861556821855,32293764837.0,-5442.291666666667,24511.214678573095,25108.129830876824,32767.0,-5442.291666666667,-32768.0,-1.377457710405149,0.4477341174973932,60520145626.0,9812.913328874356,3837.6449898931446,960.0265621325277,56754.686167751825,32952.32577853514,3540.8380363975984,6832.429318304493,6542.840392503234,6250.324449417896,5955.469914504097,5658.866002819492,0.0,604783224.4852699,3.6711235634537793,38855.740679418646,38839.49795386869,38799.936566446515,38751.123922763785,38672.31713645015,40.0,56747205029.03392,4.054528609098845
-4551.494845360825,5293.7761182524155,6981.41611118588,1467.0,-4551.494845360825,-18514.0,0.49952836221770225,-1.2105530583670625,4727796579.0,-1728.1237113402062,4720.201372293854,5026.600497025901,4175.0,-1728.1237113402062,-13753.0,0.3352057422794208,-1.1644849211927113,2450871118.0,780.8350515463917,2061.6852414099676,2204.5973356536415,4208.0,780.8350515463917,-5765.0,2.2683576473164795,-1.4076381068406836,471444193.0,4979.123711340206,15515.18357500609,16294.557198616018,32767.0,4979.123711340206,-32768.0,0.49938330682627274,-0.9375044621991838,25754721647.0,1322.680412371134,14634.936109135642,14694.585342627146,32767.0,1322.680412371134,-16840.0,-0.3014744815900876,0.8818480498782965,20945291324.0,-5314.041237113402,25563.132344375004,26109.629823606712,32767.0,-5314.041237113402,-32768.0,-1.3491667385472146,0.47864236405887695,66126138644.0,21724.40199407109,6814.834495007669,397.8894318777517,56754.686167751825,32188.05250721713,15657.467802936719,13333.662608362725,13331.46900158896,13321.821003723853,13315.317566468808,13295.890227607175,41.0,8603871900.089771,4.216796522655082,48348.71806850126,48324.67269961245,48304.215653411906,48232.20856193269,48191.161229522,41.0,98567925954.5701,4.122545268405936
-2980.381443298969,1904.09785681184,3536.702163863433,-58.0,-2980.381443298969,-6151.0,-1.5034397872192806,-0.08156361748179401,1213301433.0,502.69072164948454,2586.0320772076475,2634.437295890601,7733.0,502.69072164948454,-3206.0,0.15005908771483423,0.854036174968611,673205207.0,272.08247422680415,1722.4374581742331,1743.794618096722,2773.0,272.08247422680415,-4971.0,2.2896391649604215,-1.6860160361028134,294959508.0,3956.0,16236.512300063185,16711.501059752325,29720.0,3956.0,-32768.0,-0.42106028980818966,-0.4903586977253764,27089603964.0,1466.7525773195875,15440.286003728244,15509.796742704271,32767.0,1466.7525773195875,-24082.0,-0.025640834108390465,0.9980544655612443,23333718115.0,-10022.948453608247,23577.510092288838,25619.49409835546,32767.0,-10022.948453608247,-32768.0,-0.78374224833362,0.8670721736380133,63666772352.0,11060.964288885485,4146.6500842727,655.5997254422854,56754.686167751825,32534.378473191853,5726.905796326669,11212.676944360264,11210.031590340683,11201.469587911059,11193.474766680974,11176.49239869867,54.0,5315685159.9016,4.109910247266168,35114.068273085446,35094.65643045139,35068.92623053378,35010.73611790566,34959.304460068546,43.0,46749545019.825,4.068401063711498
-3030.6354166666665,3929.974480726602,4962.806710714882,702.0,-3030.6354166666665,-16440.0,3.077095160193748,-1.8487875301027918,2364427243.0,-489.9166666666667,3602.6162185355734,3635.775289856805,3808.0,-489.9166666666667,-13159.0,2.8306391968851212,-1.6417012060562781,1269010748.0,952.3645833333334,1938.7819313929194,2160.0633502477035,3254.0,952.3645833333334,-6670.0,4.947211332861065,-2.200451216709058,447923873.0,8134.177083333333,13671.397293555068,15908.234998932157,32767.0,8134.177083333333,-32768.0,1.83760077736867,-0.9065316255368985,24294906315.0,476.4166666666667,13599.874783941537,13608.216891979884,32767.0,476.4166666666667,-28157.0,-0.34082212773064136,0.34219788663704354,17777622430.0,-8032.59375,23563.073850473702,24894.598041250167,32767.0,-8032.59375,-32768.0,-1.1635319449573662,0.5406857481667173,59495137117.0,18674.09264194649,5164.024151858985,680.560798165748,56754.686167751825,30654.550336278393,7418.516698100773,8364.956652770199,8117.388286153227,7863.0969686856315,7602.690424766053,7336.811176095559,0.0,1924912354.1003485,4.166616264088426,42676.599604676,42649.493702793574,42642.92302414853,42561.502494785134,42548.6705769787,46.0,74452063069.9838,4.060548483794181
-2341.216494845361,1866.2532188428563,2994.0266786682646,-186.0,-2341.216494845361,-6376.0,-0.9436750339751612,-0.6632519037714174,869526988.0,318.89690721649487,2263.3822400623385,2285.7371681936347,7288.0,318.89690721649487,-3490.0,-0.25756411811244684,0.40707965821275804,506785657.0,732.4845360824743,1613.9087540055393,1772.3529732690579,4054.0,732.4845360824743,-5352.0,4.65609997276139,-1.5099993171841268,304699801.0,6152.494845360825,16962.39521121707,18043.72589360943,29020.0,6152.494845360825,-32768.0,0.7406291623260195,-1.2951259814073102,31580876280.0,154.43298969072166,18854.353943778136,18854.986401097376,32767.0,154.43298969072166,-30653.0,-0.8552206069894455,0.39432204492312595,34484519682.0,-5007.134020618557,21494.834387186005,22070.32615148652,32767.0,-5007.134020618557,-32768.0,-0.8617378640510642,0.5885826810773569,47248631754.0,9678.59245965032,3746.640973505742,596.9095408853841,56754.686167751825,31856.18434049288,4127.948158589204,11926.730981679117,11926.010677786258,11913.97296212402,11911.843530486134,11887.72377999234,63.0,5092206464.912642,3.9050362855909495,29782.582118528564,29780.179982048398,29731.16231627224,29724.2244097593,29625.76731287717,48.0,35009983660.97781,4.098024037041502
-4865.80412371134,5457.202194016157,7311.436627414686,2706.0,-4865.80412371134,-19965.0,0.5477829762302235,-1.1201275799274457,5185339239.0,-2071.216494845361,5068.82120383319,5475.663079933649,4423.0,-2071.216494845361,-14822.0,0.30762050556995346,-1.1437436162796892,2908339958.0,875.680412371134,2161.4943215256103,2332.1393368746085,5316.0,875.680412371134,-5649.0,2.150003633570676,-1.3213430106978934,527570767.0,3466.9896907216494,15449.089916474573,15833.331827599855,29460.0,3466.9896907216494,-32768.0,0.05192738694702781,-0.7545542538339798,24317356486.0,-395.25773195876286,15277.462223999742,15282.57441272289,32767.0,-395.25773195876286,-18119.0,-0.2217676954354717,0.9176290165858074,22655036826.0,-6038.876288659794,26856.455696968882,27527.02743546767,32767.0,-6038.876288659794,-32768.0,-1.4968770072955744,0.43390984188663856,73500512225.0,23340.488898050102,7391.597921559012,692.7467069571677,56754.686167751825,33523.920449596895,12121.651867629264,10893.715443912919,10723.535942668295,10617.988482447648,10578.367023918643,10541.156871741721,0.0,3970705670.8261523,4.013410618596543,35050.06404123762,35034.838139919935,35013.9202351542,34968.199506494675,34926.547846004636,48.0,51046606219.267456,4.118597095047527
-3749.6770833333335,2844.8863645099827,4706.74586697115,1190.0,-3749.6770833333335,-9855.0,-0.6708408437743594,-0.4526844358370691,2126731839.0,-257.5729166666667,3001.0279271748136,3012.061159253466,5761.0,-257.5729166666667,-6332.0,-0.3192081228994983,0.05803578293795114,870961193.0,528.4479166666666,1951.0933893471101,2021.3912571749522,3912.0,528.4479166666666,-5142.0,1.9971371809712783,-1.2726528845113305,392258171.0,5154.239583333333,14829.15351086669,15699.362392506582,24124.0,5154.239583333333,-32768.0,0.25784014004768485,-1.0195985472697053,23661118035.0,686.7083333333334,16090.10322301975,16104.750543317956,32767.0,686.7083333333334,-21874.0,-0.8418254388600519,0.5919120813563366,24898847046.0,-7929.375,25278.876520332313,26493.3309725454,32767.0,-7929.375,-32768.0,-1.16637464610847,0.6533901305454994,67382072258.0,11254.259016034774,5166.759016035125,853.5402743866279,56754.686167751825,33446.712077239594,15527.666598687647,19481.583508390493,18925.601839663384,18365.166055289104,17800.64852340017,17232.427889748833,74.0,7045947588.511724,3.895849503283657,28624.28571557317,28613.86313690054,28587.439665701564,28555.927281817352,28503.660039174454,52.0,31881011087.50307,4.046902961367367
-4840.783505154639,4950.301218007473,6923.775494106052,931.0,-4840.783505154639,-18107.0,0.926856688340087,-1.3569321304365443,4650050708.0,-1508.1443298969073,4390.438897323095,4642.246549993638,3425.0,-1508.1443298969073,-14415.0,1.6883324586211765,-1.587566056262928,2090393944.0,718.1030927835052,2054.611887922007,2176.488470416434,4767.0,718.1030927835052,-6931.0,3.765289540852831,-1.5368995064599813,459498900.0,268.3814432989691,14704.201437911068,14706.650486285896,22826.0,268.3814432989691,-32768.0,-0.48479744722052764,-0.5412340616424114,20979700147.0,-137.1340206185567,16713.275488645486,16713.838078040873,32767.0,-137.1340206185567,-28431.0,-0.649527555773747,0.48798323202559124,27097181180.0,-5406.948453608247,26369.872490444308,26918.49302509834,32767.0,-5406.948453608247,-32768.0,-1.467841477637231,0.46586981522456145,70286710874.0,21004.24502332802,6596.5648732405425,768.462100561895,56754.686167751825,33234.10386860642,15683.015558240068,35305.590420962195,35298.457893000515,35298.457892997794,35277.06419973945,35277.06419973678,49.0,74415739431.84535,4.281984099308559,22384.768578178715,22363.363776250004,22363.363776244358,22299.20245004476,22299.202450039105,49.0,20401375424.523045,4.147901493382221
-2673.3917525773195,2454.4356588085475,3629.2255187545707,2226.0,-2673.3917525773195,-10100.0,0.2418905698158227,-0.22352186141737077,1277613953.0,-208.7835051546392,3318.3761779347174,3324.937745328366,4562.0,-208.7835051546392,-10294.0,-0.05340703712209427,-0.6576511557284281,1072355468.0,1198.5567010309278,1258.1176494989923,1737.6415584253878,3825.0,1198.5567010309278,-2538.0,-0.024439236232475015,0.1317692700538396,292881624.0,5278.81443298969,10723.376472728827,11952.26693116475,26582.0,5278.81443298969,-24207.0,-0.0052496380274815735,-0.42999362426998156,13857098425.0,-759.7010309278351,13120.175277120732,13142.151458523178,32767.0,-759.7010309278351,-17457.0,0.2452090447182509,1.0146096485381164,16753466061.0,-10441.659793814433,24056.946040201507,26225.272391930037,32767.0,-10441.659793814433,-32768.0,-0.7939614403368944,0.868013066615841,66713196467.0,10736.012900513859,4620.296674405124,606.212833912315,52281.27223968445,30460.71924137966,4445.376137066469,30631.697249008706,30277.731822177462,29912.32238895707,29535.680141920308,29148.02365122027,0.0,20944895582.20107,3.7306223891136767,28624.28571557231,28613.86313689977,28587.439665700625,28555.927281816694,28503.660039173414,46.0,32411217705.633446,4.088465694468056
-4161.427083333333,5183.923555781196,6647.596468053949,2444.0,-4161.427083333333,-18015.0,0.8322464032715113,-1.3186567545616363,4242291725.0,-1674.1770833333333,4308.542848697011,4622.381462559821,3764.0,-1674.1770833333333,-13387.0,0.7271816323285663,-1.291835457145839,2051175397.0,1045.0520833333333,2007.339493219153,2263.083228234584,4006.0,1045.0520833333333,-5394.0,2.0603075507041115,-1.3663244751035182,491668387.0,4909.854166666667,15754.721935673739,16502.05839307125,26854.0,4909.854166666667,-32768.0,-0.17403167304558576,-0.8694500007298237,26142521396.0,1554.9479166666667,14384.908308688333,14468.705887981712,32767.0,1554.9479166666667,-26656.0,-0.17626189656846813,0.2929469503176153,20096971207.0,-9997.0,27085.029543165845,28871.07262216225,32767.0,-9997.0,-32768.0,-1.1777877810709179,0.7631443025244301,80019728098.0,19981.486856588024,6488.34073234743,1440.4454172234364,56754.686167751825,35106.80442516224,8126.663337434374,10653.43271953886,10649.074022601519,10643.043286569553,10629.900431823482,10617.988482447383,22.0,4529081436.682596,4.03544269342046,35050.06404123725,35034.838139919535,35013.92023515383,34968.199506494246,34926.54784600432,50.0,48772316909.24655,4.027908617689138
-3005.453608247423,1839.0511057328695,3523.472769984854,92.0,-3005.453608247423,-7460.0,0.1049799371539506,-0.7260574974763483,1204241455.0,10.175257731958762,2038.617052010663,2038.6424455059687,5322.0,10.175257731958762,-3516.0,-0.1262646310657547,0.4867100855199671,403138113.0,731.2680412371134,1356.4503062436656,1541.0095332097394,3599.0,731.2680412371134,-3595.0,2.2308666818810767,-0.6796186740547289,230346907.0,4395.030927835051,12340.879828326171,13100.137854000408,20441.0,4395.030927835051,-26185.0,-0.3799042256027634,-0.7413701939451486,16646520344.0,1129.5154639175257,17776.258288064662,17812.10722815289,32767.0,1129.5154639175257,-25762.0,-0.8692349599944387,0.5967595005640766,30775302899.0,-9707.60824742268,24694.629418032426,26534.17381377045,32767.0,-9707.60824742268,-32768.0,-0.9675416024418224,0.7737928649385662,68294050858.0,9470.123600038174,3929.744435375909,846.9362431730029,53225.99743546381,33443.05369132893,15374.78699039437,11926.73098167911,11926.010677786266,11913.972962123995,11911.843530486143,11887.723779992315,35.0,6617576109.841532,4.192150612202274,29782.582118527927,29780.179982047746,29731.16231627166,29724.22440975864,29625.767312876585,50.0,36156367073.34603,4.147947196603181
-2686.639175257732,2795.9726824379964,3877.56280400061,761.0,-2686.639175257732,-12089.0,1.2240963708094084,-1.119744654150981,1458442850.0,-363.4639175257732,3039.341291433303,3060.996815606746,3521.0,-363.4639175257732,-9075.0,1.7218168610427345,-1.524951292427598,908861046.0,1090.1546391752577,1400.7711229795264,1774.9920778101123,3563.0,1090.1546391752577,-4610.0,5.345985806277113,-1.8698578139098547,305607897.0,3474.0309278350514,10701.668992537921,11251.42702564444,28287.0,3474.0309278350514,-17616.0,-0.36544875696462986,-0.012786778588327864,12279677181.0,-1612.979381443299,12953.5642812009,13053.602187601895,24833.0,-1612.979381443299,-24929.0,-0.9751227866468826,0.26871943576289276,16528463417.0,-6827.969072164949,23518.410728729716,24489.524390148334,32767.0,-6827.969072164949,-32768.0,-1.1638311100628542,0.6000995753685161,58174470071.0,14478.726843199991,4450.143031863267,662.9585205727429,44929.38461630651,28805.102099221625,12005.526810598525,5912.597605210424,5911.733957192364,5901.039195290507,5898.527691801523,5877.006773442533,42.0,1284135940.8558626,4.047837729584524,42676.59960467582,42649.49370279341,42642.92302414833,42561.50249478499,42548.67057697845,52.0,72315768258.23154,4.03243645664883
-2229.3958333333335,1489.007964490443,2680.9234416521485,-175.0,-2229.3958333333335,-6179.0,-0.6327545064546447,-0.7103552555917702,689985648.0,590.3958333333334,1649.7985765892672,1752.2564262496894,5932.0,590.3958333333334,-2350.0,0.5385170721329526,0.5717880799719358,294758648.0,1090.3229166666667,1093.4072271916016,1544.1319331855466,4030.0,1090.3229166666667,-1989.0,0.9235105780361166,0.1878584854876052,228896969.0,6383.15625,10185.635246848178,12020.476242385324,25438.0,6383.15625,-32768.0,1.5916341027170775,-0.7032357329913759,13871217513.0,3479.3645833333335,16271.368402503695,16639.212949948986,32767.0,3479.3645833333335,-19483.0,-1.0711600737321778,0.5158741985066387,26578887129.0,-10970.614583333334,21518.554008871135,24153.727475666154,32767.0,-10970.614583333334,-32768.0,-0.6221747431740026,0.8380811990675505,56006644893.0,8793.451313335396,3276.219698957717,1074.6413355161806,56754.686167751825,30311.765715877365,6043.130811094527,11212.67694436035,11210.031590340786,11201.46958791114,11193.474766681098,11176.49239869875,44.0,5625759381.019317,4.160230037998083,35114.06827308579,35094.65643045171,35068.92623053416,35010.736117905966,34959.304460069,55.0,47424902125.63069,4.044959437580819
-4642.79381443299,5277.382293809431,7028.961394000576,2052.0,-4642.79381443299,-18258.0,0.6725175386052653,-1.2923193518304488,4792410933.0,-1758.6288659793815,4555.683730683257,4883.342066891079,4857.0,-1758.6288659793815,-13481.0,0.34468528465787873,-1.0519677807792411,2313161885.0,817.5670103092783,1932.0313486347877,2097.8944083183997,4203.0,817.5670103092783,-5789.0,3.308065839789073,-1.6002823664729084,426912612.0,4032.463917525773,15288.594154393995,15811.447639729815,29300.0,4032.463917525773,-32768.0,-0.08028705430838334,-0.5829074996411819,24250182017.0,-1747.6494845360826,15829.215021169473,15925.398799000812,32767.0,-1747.6494845360826,-26433.0,-0.3842771176340354,0.7940344662205219,24600977710.0,-5444.835051546392,26799.127129453806,27346.65324384641,32767.0,-5444.835051546392,-32768.0,-1.5263745097611694,0.39100919662973144,72540426033.0,20803.308847392524,6834.178672805262,310.02903089872086,56754.686167751825,33900.09697648689,11079.753517113997,13333.662608362985,13331.469001589237,13321.8210037241,13315.31756646911,13295.890227607408,57.0,7330728259.596394,4.0597953884831215,48348.718068502574,48324.67269961369,48304.215653413274,48232.20856193388,48191.161229523444,57.0,89527581572.76665,4.015207402410796
-2913.577319587629,2506.326629124132,3843.2546063294017,1067.0,-2913.577319587629,-9635.0,-0.05848078648241062,-0.6200278952982818,1432748779.0,-268.16494845360825,2985.9834819093203,2998.0009662797697,4197.0,-268.16494845360825,-7356.0,0.10923814162029588,-0.7469296737205531,871836950.0,1081.9896907216496,1312.661265457263,1701.1117801778323,3559.0,1081.9896907216496,-3914.0,1.6753712406201444,-0.33063317576154816,280696785.0,8462.443298969072,9783.500852312396,12935.603407474424,19016.0,8462.443298969072,-30490.0,1.7351234196352765,-1.2617601318711704,16230994045.0,-1741.7422680412371,12362.12403285444,12484.221110344,27781.0,-1741.7422680412371,-25980.0,-0.4379537962873612,0.6140417460016969,15118010343.0,-12371.62886597938,21853.43298578787,25112.34226554456,32767.0,-12371.62886597938,-32768.0,-0.12771122738816532,1.1415396802990496,61171084204.0,11169.180542904658,4408.712079979115,152.40406818717145,52679.221235701654,29979.286843164376,9140.253716391027,11307.947775059522,11087.534760864088,10858.180165647269,10620.335916801338,10374.468657481242,0.0,1940441304.296545,3.4707942649280294,38855.74067942099,38839.49795387098,38799.93656644895,38751.123922766055,38672.317136452555,58.0,63103321258.1912,4.1124688208604745
-3472.125,4064.753754969871,5345.82782215876,2314.0,-3472.125,-16760.0,3.038427603758957,-1.7324491182223705,2743476010.0,-395.0520833333333,3453.7625176808733,3476.2827383691524,4639.0,-395.0520833333333,-12872.0,2.9727542651797867,-1.6308648899088691,1160116001.0,684.0104166666666,1916.4814520734328,2034.888548852246,4287.0,684.0104166666666,-5683.0,3.1068950675436096,-1.7216615793874632,397514055.0,5536.770833333333,13357.516687305664,14459.567189667192,25947.0,5536.770833333333,-32768.0,0.1913826928811595,-0.6748778593800873,20071591998.0,-2038.9375,11795.754597181442,11970.676365428702,32767.0,-2038.9375,-18326.0,1.361545123894211,1.2073953859233792,13756520894.0,-12532.677083333334,23409.49952943551,26553.204384664197,32767.0,-12532.677083333334,-32768.0,-0.6236562824336249,0.9659963605567701,67686975657.0,18050.697770446437,5321.885542418375,822.5928519018385,56754.686167751825,31243.33726979862,9216.174097747937,11585.49732943684,11583.065103243687,11572.545770502884,11565.417267416644,11544.06758853126,51.0,5604862745.848732,4.069229729634543,49481.45502502332,49452.83073217814,49426.681037407296,49340.346855368916,49289.119756231914,57.0,91616054199.4622,4.029727846621675
-2655.814432989691,2100.775003433119,3386.2377231266228,677.0,-2655.814432989691,-6995.0,-0.9130949199824538,-0.326077700128008,1112260774.0,592.2989690721649,2448.1922603437797,2518.8218302156934,7240.0,592.2989690721649,-4692.0,0.5098204595877456,0.6099056098881578,615412951.0,617.0824742268042,1709.9259263518913,1817.8661814358743,2786.0,617.0824742268042,-5362.0,3.204873728649189,-1.6810202073668639,320549833.0,4674.896907216495,13141.861549227437,13948.590827469452,24170.0,4674.896907216495,-32768.0,1.2371422780887862,-1.2043910466154388,18872629049.0,2074.340206185567,16191.897427631518,16324.228300227185,32767.0,2074.340206185567,-24203.0,-0.6345648787768248,0.5770491381986428,25848601671.0,-4691.278350515464,22505.63830877515,22989.385556108773,32767.0,-4691.278350515464,-32768.0,-1.0404064765199177,0.5124100160825826,51265649280.0,10574.004775864252,3969.108897423817,558.7566554413469,56754.686167751825,29006.631344819023,6711.536783777617,15386.000087472425,15382.260738476454,15370.158418252839,15358.97076318384,15334.736486110432,61.0,8684205243.597387,3.9618970655111037,65736.1987633008,65700.69000910858,65669.12292147518,65563.16277568505,65499.0656336281,60.0,155245804428.01157,3.966394598930144
-4179.5360824742265,4264.345523470562,5971.027098267719,227.0,-4179.5360824742265,-14813.0,0.2299428028896613,-1.1873263624828638,3458356967.0,-1063.0927835051546,3848.1288318941633,3992.2752627036975,4292.0,-1063.0927835051546,-9683.0,-0.2448695877807836,-0.7786382483432912,1546011392.0,68.02061855670104,2663.1534519913093,2664.021980652949,2285.0,68.02061855670104,-8055.0,1.2948665301713627,-1.5592100784992864,688410272.0,3752.8453608247423,18021.27506006497,18407.884264433636,31468.0,3752.8453608247423,-32768.0,-0.1750782769528998,-0.64517267764287,32868469700.0,1496.8144329896907,16882.13599700094,16948.36184615024,32767.0,1496.8144329896907,-31722.0,-0.933784422967618,0.16211431773253618,27862956019.0,-4418.79381443299,27039.482771977066,27398.16357624203,32767.0,-4418.79381443299,-32768.0,-1.5750852137409317,0.37608602513072625,72813958633.0,17811.592545305994,6117.7342698248,663.5442713188021,56754.686167751825,35479.03038794564,10991.06732760745,13425.199757245977,13149.427569889982,12857.320239040366,12549.33042759884,12225.937897421018,0.0,4336205736.188851,4.000154363546962,70661.04775619121,70618.3767298582,70577.31026799743,70450.12411803335,70366.54301925136,62.0,180004532481.01108,3.9895903289009174
-2054.5520833333335,1823.6052139797125,2747.1294544639377,730.0,-2054.5520833333335,-6006.0,-0.83418191637214,-0.7469028793441777,724485143.0,859.6041666666666,1997.320666121485,2174.4445650939615,7114.0,859.6041666666666,-2296.0,1.824846800112046,1.2265063029175092,453908080.0,523.6666666666666,1541.3430606310703,1627.871373399426,3264.0,523.6666666666666,-4489.0,2.713753740403819,-1.4374770556906626,254396660.0,8377.84375,13879.026656199727,16211.589891892672,32767.0,8377.84375,-13837.0,-1.0655366947257827,0.03448783029909018,25230302095.0,-3329.8020833333335,20352.833824300218,20623.41937200885,32767.0,-3329.8020833333335,-32768.0,-0.840258536745782,0.5904891219608558,40831240953.0,-8107.625,17922.994469541307,19671.484791337774,32767.0,-8107.625,-32768.0,-0.2708639649715776,0.6911372524515147,37148862134.0,9504.309180576987,3221.7496725620217,363.6426817632936,51899.48187602647,31689.894053041153,12107.709692588438,21103.508251214975,21088.922196962314,21088.755507377806,21045.303736536283,21044.402341527486,63.0,15113923989.567192,3.8843153916540505,101211.35929849108,101177.98627445364,101075.96571731198,100974.26842166307,100773.6404505027,63.0,344827409245.01825,3.9305600648764156
-4245.484536082474,5214.75063723317,6724.4154507763105,2413.0,-4245.484536082474,-19639.0,1.5394906465659508,-1.5339770788615792,4386123026.0,-1845.8453608247423,4845.134275883844,5184.830879346277,4233.0,-1845.8453608247423,-13633.0,0.3557408648179785,-1.216787722657371,2607599711.0,845.0412371134021,2023.15251560338,2192.542084844538,4153.0,845.0412371134021,-5146.0,2.0886912093196015,-1.5001312585567461,466302357.0,3877.453608247423,15377.005829109461,15858.340226914584,28031.0,3877.453608247423,-32768.0,0.3000889300963978,-0.8717737569185722,24394234611.0,-2222.546391752577,14663.925126088101,14831.399548492054,32767.0,-2222.546391752577,-29465.0,0.4108145580809457,0.8050197920067168,21337130019.0,-10116.701030927836,27441.174530844462,29246.635693382636,32767.0,-10116.701030927836,-32768.0,-1.2661960546093387,0.7354705570846783,82970472840.0,22025.672407443093,6594.184484669545,1005.2949815850072,56754.686167751825,35633.98413594235,20885.58730320984,23865.633990980154,23848.654237459123,23834.876427492327,23784.778141601255,23755.59387915485,66.0,19491727036.00666,3.9778376000399467,153193.24204381005,153157.74014014882,152952.7962106119,152841.2592490409,152441.72545596777,65.0,747873231734.8773,3.903803526493085
-3065.9278350515465,2817.0926127137977,4163.64314973684,955.0,-3065.9278350515465,-9800.0,-0.3863212413788446,-0.7167121210902929,1681584655.0,-8.185567010309278,2792.3832533529708,2792.395250875743,5767.0,-8.185567010309278,-5270.0,-0.5652302013144213,0.1296107604304605,756354710.0,965.9175257731958,1766.4402124402163,2013.2828143908769,4406.0,965.9175257731958,-4516.0,2.784897898818584,-1.357533940832597,393170846.0,2914.8762886597938,11209.763969537304,11582.543418046307,24757.0,2914.8762886597938,-32768.0,2.146734279431194,-1.2664112340210891,13013065267.0,2703.907216494845,15704.352780988514,15935.42627309212,32767.0,2703.907216494845,-19435.0,-0.8311664784628365,0.5854799887449601,24631967619.0,-5926.711340206186,24005.291726736996,24726.098321325917,32767.0,-5926.711340206186,-32768.0,-1.2027124254480959,0.5233023884274592,59303854005.0,10515.64496357689,4726.504839971993,806.0341183845755,56754.686167751825,29552.945613068638,6371.554598369224,105893.16709856204,104322.88242036857,102703.10885444791,101035.49891817033,99321.7508992039,74.0,212465392704.34668,3.6115320246286142,618344.6349566028,609036.5395146832,599434.90784503,589549.5099836801,579390.3855393067,74.0,7181669769989.425,3.6117818772023007
